40000 1530602968
40000 1530602969
40006 1530602970
40004 1530602971
40002 1530602972
40003 1530602973
40000 1530602974
40003 1530602975
40003 1530602976
40003 1530602977
40001 1530602978
40003 1530602979
40005 1530602980
40003 1530602981
40004 1530602982
40003 1530602983
40002 1530602984
40004 1530602985
40001 1530602986
40001 1530602987
40003 1530602988
40006 1530602989
40004 1530602990
40003 1530602991
40000 1530602992
40003 1530602993
40001 1530602994
40003 1530602995
40002 1530602996
40003 1530602997
40004 1530602998
40005 1530602999
40008 1530603000
40003 1530603001
40004 1530603002
40004 1530603003
40005 1530603004
40004 1530603005
40002 1530603006
40000 1530603007
40003 1530603008
40001 1530603009
780 1530603009
40010 1530603010
40002 1530603011
40004 1530603012
40005 1530603013
40002 1530603014
40001 1530603015
40002 1530603016
40004 1530603017
40002 1530603018
40002 1530603019
40003 1530603020
40001 1530603021
40004 1530603022
40001 1530603023
40001 1530603024
40001 1530603025
40003 1530603026
40004 1530603027
40002 1530603028
40006 1530603029
2160 1530603030
40003 1530603030
40004 1530603031
40001 1530603032
40003 1530603033
40006 1530603034
40001 1530603035
40008 1530603036
40006 1530603037
40004 1530603038
40002 1530603039
40002 1530603040
40001 1530603041
40002 1530603042
40007 1530603043
40001 1530603044
40005 1530603045
40000 1530603046
40001 1530603047
40004 1530603048
40004 1530603049
40001 1530603050
40002 1530603051
40002 1530603052
40002 1530603053
40005 1530603054
40006 1530603055
40004 1530603056
40002 1530603057
40002 1530603058
40001 1530603059
40003 1530603060
40003 1530603061
40000 1530603062
40002 1530603063
40003 1530603064
40002 1530603065
40004 1530603066
2760 1530603066
40003 1530603067
40004 1530603068
40004 1530603069
40009 1530603070
40001 1530603071
40003 1530603072
40002 1530603073
40001 1530603074
40000 1530603075
40001 1530603076
40003 1530603077
40001 1530603078
40003 1530603079
40001 1530603080
40001 1530603081
40003 1530603082
40003 1530603083
40003 1530603084
40008 1530603085
40001 1530603086
40003 1530603087
40001 1530603088
40002 1530603089
40000 1530603090
40003 1530603091
40004 1530603092
40002 1530603093
40001 1530603094
40004 1530603095
40002 1530603096
40001 1530603097
40003 1530603098
40005 1530603099
40003 1530603100
40001 1530603101
40003 1530603102
40002 1530603103
40006 1530603104
40002 1530603105
40001 1530603106
40001 1530603107
40002 1530603108
40004 1530603109
40006 1530603110
40006 1530603111
40002 1530603112
40005 1530603113
40004 1530603114
40003 1530603115
40001 1530603116
40001 1530603117
40002 1530603118
40001 1530603119
40001 1530603120
40004 1530603121
40002 1530603122
40002 1530603123
40003 1530603124
40003 1530603125
40003 1530603126
40002 1530603127
40001 1530603128
40002 1530603129
40005 1530603130
40005 1530603131
40003 1530603132
40003 1530603133
40005 1530603134
9180 1530603134
40001 1530603135
40004 1530603136
40001 1530603137
40004 1530603138
40002 1530603139
40002 1530603140
40004 1530603141
40005 1530603142
40002 1530603143
40002 1530603144
40006 1530603145
40002 1530603146
40003 1530603147
40002 1530603148
40000 1530603149
40006 1530603150
40000 1530603151
40003 1530603152
40005 1530603153
40001 1530603154
40004 1530603155
40001 1530603156
40002 1530603157
40002 1530603158
40001 1530603159
40002 1530603160
40001 1530603161
40002 1530603162
40005 1530603163
40005 1530603164
40001 1530603165
40003 1530603166
40004 1530603167
40005 1530603168
40005 1530603169
40003 1530603170
40004 1530603171
40004 1530603172
40004 1530603173
40002 1530603174
40003 1530603175
40001 1530603176
40002 1530603177
40003 1530603178
40003 1530603179
40001 1530603180
40004 1530603181
40002 1530603182
40002 1530603183
40003 1530603184
40003 1530603185
40006 1530603186
40006 1530603187
40004 1530603188
40006 1530603189
40001 1530603190
40004 1530603191
40003 1530603192
40002 1530603193
40000 1530603194
40001 1530603195
40001 1530603196
2140 1530603197
40003 1530603197
40001 1530603198
40004 1530603199
40000 1530603200
40007 1530603201
40003 1530603202
40002 1530603203
40004 1530603204
40002 1530603205
40002 1530603206
40003 1530603207
40001 1530603208
40004 1530603209
40004 1530603210
40001 1530603211
40003 1530603212
40005 1530603213
40004 1530603215
40003 1530603216
40003 1530603217
40003 1530603218
40004 1530603219
40001 1530603220
40002 1530603221
40007 1530603222
40004 1530603223
40007 1530603224
40001 1530603225
40000 1530603226
40000 1530603227
40000 1530603228
40000 1530603229
40000 1530603230
