1 0.28 0.1399999999999999
2 0.3 0.1499999999999999
3 0.3 0.1499999999999999
4 0.3 0.1499999999999999
5 0.3 0.1499999999999999
6 0.34 0.16999999999999993
7 0.36 0.17999999999999994
8 0.4 0.19999999999999996
9 0.4 0.19999999999999996
10 0.4 0.19999999999999996
11 0.4 0.19999999999999996
12 0.4 0.19999999999999996
13 0.4 0.19999999999999996
14 0.42 0.20999999999999996
15 0.42 0.20999999999999996
16 0.42 0.20999999999999996
17 0.44 0.21999999999999997
18 0.46 0.22999999999999998
19 0.46 0.22999999999999998
20 0.48 0.24
21 0.52 0.26
22 0.52 0.26
23 0.52 0.26
24 0.54 0.27
25 0.5 0.25
26 0.5 0.25
27 0.48 0.24
28 0.48 0.24
29 0.5 0.25
30 0.5 0.25
31 0.5 0.25
32 0.5 0.25
33 0.5 0.25
34 0.5 0.25
35 0.5 0.25
36 0.5 0.25
37 0.52 0.26
38 0.5 0.25
39 0.5 0.25
40 0.48 0.24
41 0.52 0.26
42 0.52 0.26
43 0.52 0.26
44 0.54 0.27
45 0.54 0.27
46 0.54 0.27
47 0.54 0.27
48 0.52 0.26
49 0.52 0.26
50 0.56 0.28
51 0.54 0.27
52 0.56 0.28
53 0.56 0.28
54 0.56 0.28
55 0.56 0.28
56 0.56 0.28
57 0.56 0.28
58 0.58 0.29000000000000004
59 0.58 0.29000000000000004
60 0.58 0.29000000000000004
61 0.58 0.29000000000000004
62 0.58 0.29000000000000004
63 0.58 0.29000000000000004
64 0.58 0.29000000000000004
65 0.6 0.30000000000000004
66 0.6 0.30000000000000004
67 0.6 0.30000000000000004
68 0.6 0.30000000000000004
69 0.6 0.30000000000000004
70 0.62 0.31000000000000005
71 0.62 0.31000000000000005
72 0.64 0.32000000000000006
73 0.64 0.32000000000000006
74 0.64 0.32000000000000006
75 0.66 0.33000000000000007
